mhc	sequence	pred_affinity	pred_immuno	immuno_probability
HLA-A03:01	RTFNEDLFR	0.2868721	0	0.02716284990310669
HLA-B27:05	STFAASGPF	0.4738236	1	1.0
HLA-A69:01	FLILPQAKK	0.58579814	0	0.07250714302062988
HLA-A02:01	FIHGGILYA	0.85734147	0	0.15787091851234436
HLA-A24:02	EKSSKYYIK	0.1147161	0	0.04884946718811989
